1 120
2 195
3 248
4 280
5 304
6 319
7 327
8 335
9 344
10 349
11 352
12 355
13 359
14 359
15 364
16 367
17 368
18 368
19 371
20 370
21 374
22 374
23 376
24 376
25 378
26 380
27 383
28 384
29 384
30 384
31 384
32 384
33 385
34 384
35 385
36 385
37 388
38 388
39 389
40 389
41 389
42 390
43 391
44 391
45 393
46 393
47 395
48 396
49 398
50 396
51 398
52 400
53 401
54 401
55 405
56 406
57 401
58 399
59 408
60 408
61 412
62 413
63 411
64 414
65 412
66 414
67 414
68 415
69 421
70 421
71 423
72 422
73 424
74 423
75 425
76 427
77 429
78 430
79 434
80 434
81 436
82 437
83 439
84 439
85 441
86 444
87 446
88 447
89 449
90 449
91 452
92 452
93 457
94 457
95 458
96 460
97 466
98 466
99 466
100 468
101 469
102 475
103 473
104 475
105 477
106 480
107 481
108 482
109 486
110 487
111 488
112 493
113 493
114 495
115 500
116 500
117 501
118 503
119 507
120 506
121 510
122 513
123 512
124 515
125 517
126 518
127 521
128 525
129 529
130 530
131 530
132 531
133 536
134 534
135 540
136 539
137 544
138 547
139 548
140 547
141 552
142 552
143 553
144 553
145 554
146 558
147 558
148 564
149 569
150 569
151 565
152 572
153 572
154 568
155 569
156 573
157 579
158 574
159 582
160 581
161 582
162 587
163 586
164 588
165 584
166 589
167 592
168 591
169 592
170 592
171 593
172 591
173 598
174 595
175 598
176 599
177 595
178 598
179 591
180 601
181 598
182 600
183 599
184 599
185 596
186 595
187 602
188 600
189 600
190 597
191 601
192 591
193 592
194 595
195 593
196 595
197 599
198 595
199 590
200 591
201 587
202 592
203 587
204 592
205 590
206 584
207 582
208 585
209 580
210 578
211 578
212 575
213 575
214 575
215 574
216 569
217 569
218 566
219 566
220 563
221 561
222 559
223 556
224 555
225 553
226 552
227 550
228 547
229 544
230 542
231 541
232 538
233 536
234 534
235 532
236 530
237 526
238 523
239 522
240 520
241 517
242 513
243 511
244 507
245 505
246 502
247 499
248 496
249 494
250 493
251 491
252 489
253 486
254 481
255 478
256 476
257 475
258 470
259 466
260 468
261 461
262 461
263 460
264 455
265 451
266 447
267 442
268 443
269 440
270 438
271 434
272 431
273 424
274 427
275 420
276 418
277 420
278 414
279 414
280 411
281 409
282 400
283 404
284 398
285 393
286 396
287 388
288 385
289 385
290 387
291 382
292 378
293 378
294 370
295 365
296 366
297 369
298 359
299 363
300 361
301 354
302 353
303 349
304 345
305 346
306 346
307 344
308 339
309 338
310 332
311 331
312 333
313 331
314 329
315 324
316 326
317 318
318 324
319 316
320 315
321 316
322 315
323 312
324 308
325 304
326 302
327 308
328 310
329 300
330 298
331 309
332 302
333 300
334 295
335 301
336 297
337 296
338 297
339 296
340 289
341 287
342 289
343 290
344 287
345 281
346 290
347 283
348 281
349 285
350 280
351 283
352 277
353 275
354 279
355 283
356 274
357 280
358 278
359 267
360 277
361 274
362 275
363 275
364 262
365 276
366 262
367 271
368 261
369 269
370 260
371 269
372 262
373 261
374 260
375 264
376 260
377 255
378 257
379 259
380 261
381 255
382 261
383 255
384 261
385 259
386 257
387 257
388 259
389 249
390 251
391 248
392 256
393 249
394 247
395 248
396 256
397 248
398 254
399 252
400 246
401 245
402 245
403 247
404 251
405 251
406 245
407 242
408 250
409 243
410 241
411 240
412 241
413 248
414 240
415 240
416 242
417 243
418 248
419 240
420 246
421 248
422 237
423 237
424 246
425 246
426 238
427 237
428 245
429 246
430 245
431 240
432 240
433 245
434 238
435 237
436 244
437 233
438 242
439 245
440 245
441 234
442 242
443 234
444 238
445 244
446 240
447 239
448 241
449 237
450 234
451 232
452 232
453 232
454 231
455 232
456 236
457 240
458 232
459 240
460 231
461 232
462 230
463 240
464 231
465 241
466 238
467 232
468 237
469 233
470 239
471 230
472 234
473 228
474 238
475 239
476 229
477 233
478 230
479 232
480 230
481 238
482 230
483 238
484 233
485 238
486 229
487 234
488 232
489 235
490 227
491 235
492 235
493 228
494 227
495 228
496 232
497 228
498 231
499 230
500 238
501 230
502 227
503 229
504 239
505 228
506 237
507 237
508 238
509 237
510 227
511 234
512 233
513 238
514 229
515 235
516 237
517 235
518 230
519 227
520 227
521 232
522 237
523 237
524 233
525 229
526 234
527 238
528 229
529 237
530 239
531 229
532 227
533 229
534 234
535 240
536 228
537 230
538 234
539 230
540 230
541 240
542 239
543 236
544 240
545 229
546 230
547 228
548 234
549 229
550 231
551 230
552 233
553 234
554 229
555 237
556 234
557 229
558 229
559 230
560 235
561 234
562 229
563 230
564 238
565 230
566 238
567 230
568 230
569 231
570 231
571 238
572 230
573 241
574 234
575 241
576 232
577 236
578 229
579 231
580 234
581 230
582 235
583 230
584 230
585 234
586 231
587 231
588 239
589 240
590 239
591 230
592 232
593 230
594 237
595 231
596 231
597 238
598 228
599 238
600 235
601 230
602 236
603 238
604 239
605 230
606 237
607 230
608 229
609 230
610 234
611 235
612 238
613 230
614 230
615 231
616 241
617 230
618 238
619 228
620 234
621 236
622 239
623 236
624 230
625 228
626 235
627 233
628 229
629 237
630 230
631 228
632 240
633 229
634 230
635 238
636 229
637 228
638 234
639 236
640 226
641 232
642 237
643 226
644 237
645 227
646 234
647 225
648 235
649 232
650 224
651 226
652 225
653 226
654 226
655 231
656 235
657 224
658 233
659 232
660 226
661 226
662 230
663 236
664 224
665 236
666 230
667 225
668 229
669 236
670 222
671 231
672 235
673 234
674 223
675 228
676 221
677 223
678 223
679 229
680 222
681 222
682 223
683 230
684 222
685 219
686 223
687 228
688 227
689 230
690 226
691 227
692 224
693 230
694 219
695 221
696 219
697 229
698 224
699 229
700 219
701 222
702 218
703 228
704 225
705 228
706 219
707 219
708 227
709 224
710 227
711 217
712 216
713 219
714 216
715 217
716 224
717 226
718 216
719 218
720 215
721 223
722 216
723 221
724 221
725 214
726 218
727 214
728 212
729 219
730 214
731 217
732 211
733 215
734 213
735 213
736 211
737 212
738 213
739 209
740 215
741 211
742 214
743 212
744 208
745 214
746 212
747 219
748 218
749 210
750 210
751 209
752 208
753 208
754 210
755 210
756 218
757 216
758 211
759 219
760 214
761 208
762 206
763 216
764 214
765 220
766 206
767 205
768 210
769 205
770 203
771 215
772 206
773 213
774 206
775 206
776 203
777 212
778 215
779 208
780 208
781 204
782 214
783 201
784 202
785 203
786 202
787 209
788 202
789 206
790 201
791 200
792 213
793 201
794 200
795 209
796 201
797 200
798 202
799 203
800 202
801 200
802 198
803 207
804 198
805 198
806 204
807 202
808 209
809 206
810 208
811 197
812 204
813 206
814 202
815 196
816 206
817 204
818 205
819 206
820 195
821 203
822 208
823 204
824 194
825 196
826 196
827 200
828 199
829 196
830 195
831 194
832 205
833 201
834 204
835 197
836 192
837 197
838 201
839 198
840 199
841 205
842 194
843 199
844 194
845 196
846 201
847 199
848 192
849 190
850 203
851 192
852 196
853 203
854 197
855 200
856 202
857 191
858 189
859 199
860 188
861 195
862 200
863 195
864 189
865 191
866 194
867 199
868 193
869 189
870 199
871 190
872 199
873 186
874 189
875 198
876 193
877 189
878 187
879 186
880 186
881 188
882 192
883 198
884 191
885 187
886 190
887 195
888 190
889 192
890 190
891 186
892 193
893 185
894 195
895 185
896 193
897 186
898 189
899 190
900 187
901 192
902 187
903 195
904 185
905 192
906 183
907 189
908 185
909 188
910 184
911 191
912 182
913 195
914 187
915 190
916 190
917 185
918 185
919 193
920 191
921 185
922 186
923 182
924 182
925 181
926 185
927 184
928 188
929 192
930 182
931 181
932 189
933 183
934 188
935 186
936 182
937 180
938 189
939 193
940 190
941 190
942 184
943 180
944 186
945 185
946 178
947 178
948 189
949 186
950 178
951 179
952 183
953 192
954 180
955 179
956 185
957 186
958 181
959 178
960 178
961 178
962 178
963 189
964 179
965 189
966 181
967 180
968 181
969 177
970 186
971 178
972 183
973 177
974 179
975 184
976 177
977 180
978 187
979 176
980 184
981 189
982 187
983 185
984 175
985 183
986 178
987 176
988 178
989 174
990 176
991 182
992 181
993 178
994 178
995 179
996 183
997 176
998 175
999 175
1000 179
1001 186
1002 176
1003 176
1004 178
1005 175
1006 181
1007 178
1008 178
1009 179
1010 179
1011 181
1012 179
1013 178
1014 176
1015 183
1016 173
1017 187
1018 179
1019 182
1020 181
1021 174
1022 171
1023 171
1024 176
1025 185
1026 176
1027 173
1028 172
1029 173
1030 176
1031 184
1032 185
1033 177
1034 174
1035 171
1036 171
1037 177
1038 186
1039 176
1040 176
1041 174
1042 179
1043 171
1044 174
1045 176
1046 177
1047 181
1048 176
1049 183
1050 170
1051 178
1052 178
1053 169
1054 179
1055 175
1056 173
1057 183
1058 173
1059 169
1060 171
1061 178
1062 174
1063 171
1064 170
1065 176
1066 181
1067 178
1068 169
1069 178
1070 180
1071 175
1072 168
1073 173
1074 173
1075 182
1076 170
1077 170
1078 179
1079 170
1080 168
1081 172
1082 180
1083 170
1084 177
1085 174
1086 181
1087 182
1088 171
1089 179
1090 176
1091 176
1092 168
1093 172
1094 168
1095 169
1096 176
1097 167
1098 172
1099 169
1100 166
1101 174
1102 178
1103 176
1104 170
1105 166
1106 169
1107 180
1108 166
1109 175
1110 166
1111 175
1112 172
1113 166
1114 171
1115 166
1116 173
1117 175
1118 166
1119 171
1120 165
1121 179
1122 170
1123 170
1124 172
1125 168
1126 169
1127 172
1128 168
1129 165
1130 172
1131 178
1132 173
1133 166
1134 168
1135 173
1136 168
1137 168
1138 174
1139 166
1140 168
1141 166
1142 171
1143 162
1144 175
1145 174
1146 162
1147 171
1148 163
1149 167
1150 164
1151 176
1152 164
1153 163
1154 170
1155 175
1156 168
1157 165
1158 166
1159 168
1160 175
1161 168
1162 161
1163 162
1164 168
1165 169
1166 173
1167 165
1168 167
1169 175
1170 161
1171 173
1172 163
1173 163
1174 169
1175 161
1176 172
1177 167
1178 164
1179 170
1180 171
1181 168
1182 168
1183 171
1184 164
1185 161
1186 168
1187 162
1188 168
1189 162
1190 164
1191 170
1192 171
1193 163
1194 168
1195 165
1196 167
1197 170
1198 158
1199 161
1200 160
1201 157
1202 160
1203 163
1204 157
1205 168
1206 163
1207 165
1208 167
1209 157
1210 167
1211 164
1212 166
1213 169
1214 157
1215 156
1216 158
1217 160
1218 168
1219 159
1220 165
1221 161
1222 159
1223 163
1224 162
1225 159
1226 159
1227 169
1228 165
1229 164
1230 167
1231 164
1232 162
1233 169
1234 160
1235 158
1236 161
1237 160
1238 157
1239 158
1240 163
1241 170
1242 154
1243 163
1244 155
1245 160
1246 158
1247 160
1248 154
1249 164
1250 159
1251 164
1252 167
1253 159
1254 158
1255 160
1256 159
1257 156
1258 155
1259 159
1260 158
1261 157
1262 157
1263 162
1264 166
1265 152
1266 154
1267 155
1268 157
1269 167
1270 162
1271 159
1272 161
1273 152
1274 154
1275 155
1276 158
1277 161
1278 153
1279 161
1280 164
1281 157
1282 160
1283 156
1284 151
1285 154
1286 156
1287 164
1288 161
1289 158
1290 159
1291 156
1292 158
1293 165
1294 163
1295 150
1296 149
1297 157
1298 157
1299 150
1300 151
1301 164
1302 160
1303 153
1304 152
1305 150
1306 155
1307 156
1308 151
1309 158
1310 150
1311 157
1312 155
1313 149
1314 153
1315 153
1316 160
1317 164
1318 150
1319 150
1320 161
1321 159
1322 152
1323 150
1324 150
1325 152
1326 147
1327 152
1328 150
1329 153
1330 150
1331 158
1332 158
1333 153
1334 152
1335 154
1336 147
1337 158
1338 152
1339 159
1340 146
1341 155
1342 152
1343 153
1344 157
1345 157
1346 149
1347 159
1348 152
1349 154
1350 152
1351 158
1352 159
1353 147
1354 147
1355 159
1356 156
1357 151
1358 157
1359 154
1360 152
1361 155
1362 150
1363 149
1364 153
1365 146
1366 154
1367 147
1368 150
1369 149
1370 149
1371 152
1372 146
1373 157
1374 150
1375 155
1376 147
1377 145
1378 159
1379 157
1380 145
1381 156
1382 145
1383 154
1384 154
1385 149
1386 145
1387 145
1388 148
1389 148
1390 152
1391 152
1392 145
1393 149
1394 145
1395 146
1396 150
1397 156
1398 155
1399 146
1400 155
1401 145
1402 154
1403 154
1404 146
1405 143
1406 149
1407 147
1408 145
1409 150
1410 147
1411 157
1412 149
1413 153
1414 149
1415 147
1416 150
1417 146
1418 147
1419 143
1420 143
1421 141
1422 149
1423 142
1424 143
1425 143
1426 141
1427 149
1428 141
1429 143
1430 143
1431 143
1432 147
1433 144
1434 143
1435 143
1436 141
1437 147
1438 139
1439 141
1440 146
1441 143
1442 142
1443 146
1444 153
1445 151
1446 142
1447 152
1448 156
1449 142
1450 144
1451 142
1452 143
1453 144
1454 149
1455 138
1456 148
1457 145
1458 143
1459 146
1460 146
1461 138
1462 149
1463 153
1464 142
1465 149
1466 150
1467 142
1468 152
1469 141
1470 145
1471 141
1472 152
1473 137
1474 139
1475 151
1476 149
1477 154
1478 140
1479 145
1480 144
1481 144
1482 145
1483 147
1484 136
1485 144
1486 141
1487 140
1488 144
1489 152
1490 155
1491 143
1492 146
1493 138
1494 136
1495 144
1496 136
1497 141
1498 150
1499 142
1500 151
1501 150
1502 142
1503 152
1504 143
1505 137
1506 142
1507 138
1508 151
1509 147
1510 141
1511 143
1512 142
1513 151
1514 141
1515 142
1516 149
1517 144
1518 146
1519 141
1520 146
1521 138
1522 143
1523 135
1524 143
1525 141
1526 139
1527 140
1528 146
1529 149
1530 141
1531 151
1532 150
1533 141
